936390
743818
1564628
2457698
758133
1294877
65812
1009020
2691169
1496712
3397580
1040424
2023935
1569704
2643264
719594
1390352
2561615
3452376
2933900
1682464
3219157
854616
44401
1020110
1784304
1593544
1949640
1990447
1103732
1299008
1232752
1572058
853625
1744286
716398
3866198
2444527
3027837
1561965
3197402
1130590
785097
58701
2222967
2889020
87266
2056071
78233
2548662
1008121
3195522
3720084
1131896
3237678
2269544
3717503
537235
2887659
2044890
3675774
3395011
507728
405955
1707593
571925
3491159
292575
1962676
1712589
2633754
657509
2983479
1452481
2894718
2635981
2653596
2659351
2903668
3336618
2957016
3500383
3705442
59359
3726615
4224859
26726
1592917
2581632
3039828
814075
3333745
2958190
2036340
3871698
2745957
1889132
3666530
2924457
2474770
2719943
2648942
2035617
297463
3926417
1983124
2750914
3121340
4160168
164020
48416
2937500
1353936
1890216
2479479
2332088
1031991
1728042
3925196
3417994
1503914
4030378
3906448
1564457
3472449
1640219
30261
3677660
1775314
890467
3279103
3700933
3010348
3719433
2945145
40627
2087482
354167
4815494
4018393
2972211
1694787
3631936
3683429
2450295
2583501
4348854
3835939
2724800
1884274
3495310
2789103
4533311
3238631
3601629
1463054
2153590
4545983
3987876
991229
3363306
4555845
416491
4829100
2902513
1173889
2388297
2346860
3207042
1402392
658127
2903462
2500831
3515039
4305312
66246
2777412
2868857
1249815
3930382
1415526
1793422
3508372
3156883
3143835
3220937
3940785
3695707
2900102
3872983
1532376
57382
4835167
1709121
2496646
3481007
4083307
3135149
4032016
1474888
240107
1978458
1590548
3095001
2381026
1003915
1526792
53650
401129
744550
105965
1639738
150624
1696805
1592403
65500
2441552
2042794
1666965
314
3330567
2498454
1052979
5339743
2996105
2764911
1553967
1371893
1571394
2887353
2167815
2773052
3106089
2636049
2792178
39715
2994882
2636546
1093755
2009902
2167709
3600084
3622359
2663752
1883369
758298
2989682
2532174
3055880
1325051
2331062
2456971
2561615
1171688
1627629
1951094
2265858
2738355
1565351
3160677
1936181
1296761
343
2533964
1124391
3412146
2409647
824931
2163735
2657559
3645217
3071759
3373329
2714494
2542939
3025378
2535687
2529036
2556448
279477
3432710
2776493
3108622
2918765
2603213
2982224
3645456
2676334
3432624
2461075
2664687
3279036
1122324
149552
3331331
3047819
2352543
24695
1714833
2076209
2986801
2678864
2578246
3477124
2741569
2804204
2236179
1751351
2890071
1701341
2722431
2040812
746471
53554
1785329
2788891
2764498
3136657
2088216
3660646
728875
2938091
904077
2255707
38768
2115740
1802875
3648608
2132925
103299
2706350
3657590
2442178
3601629
2015472
683971
